c-x'1X11111 3111·111111111;111 11111311 111111 11111111·3111111·111111,.1111311113113111
11-1311111111111111, 311113 11·111·10“’“’“’ · p11;·q11·„-1111videbantur
331111113331· 11111313 11131131 133 111 31111111, 3111111131· 11311-
13111101 1311111131 111311133111113 1113111 131111131311 1·;111 SciffioRoma-
11111113111111(1113131311,31131311133,111311Ε3313113111313113
113113 13111. Q00d1dp 111111 ,3311113111Ι 1111313131111133111· 11113
111311113331111 <XX 1111111101 1111111 1311,
111133111111111113,3313111311111111113311111311111 111.11111111p.:1i11111‚
(1111113111 113113313111111 1111331133131, 3311111111 111·31[31111111 133111
311113 13111111 313131111111111 311, 1111011 111111313311131111-
3111. 533111111153111113 133111 ο11113131313111 31111101113111
1133111111111311311311113111313111111111311111131,111111111
331111 131111ῑ 3113353115111131· 1311111111 0113111 1,11511·111 111115.
1311313013113 311131115313113111,113131111113111133111111
1113111, 1311. 0111·1111Ε1111113311111111111,1131113111 311 5313311111
33311111 113111111131113313111 11113111, 3111111 ex 11331111131131
1111311111. 11311 11111 131133 (13113111 11111111 11111110ffe111 3111 11533111 131,
3111,3131311111111113 331111 31131131,131’1131 11111 111113 Ju-¹
31331, 113113311311111 1111131133 11111311131111111331 mixti, 111111111111111131
1111331311111111311111131113ι1111111 1103111311,111·011111113111
postea a Judaeis tuti 1113 1·1,111
P§.LXX 1 1131113 11111311111113111311 1111133-
[311131311131111111,(131331311111131131111311113111ο1111111111111311,1111 1133
31111111111331131111111111111311111ῑ,1,31111131133131311113111111,311111
ffl1111300 111111311111511111313111111133313111111131111113.
5331133131 113311113311111 1113113 1·131,1113 11111131 11311131 reddidit
11111331113111311113111111111111111,11113111133131311111131111 Petra,
333111 111 111111113113111310111331113113111131111131111111331Ε3313
1111111 0111111 1111313113 03131331111113111; 3111. ]31. XLI 117
31 Ρ1. 3111111 1311113131331131313111311311 13111 co11spedX11n1:
011111113111 303311111131 1111111111111 1113131113311111111111, X1111X1mc011·
131311311 13111 poterant consequi, 11011p 3113111, 3111 1131113131111113
111111133131, 1101 aquam, 311133 33111313111113 Ρ31111111113 3133311
1111131133331111 1131113311111111111 1111311111111, 3113 1111313133
11331311,11111131133031113111133311131133113111111133011111111111-
4 tamn,

 

